1000
767
781
35
272
841
813
223
371
709
728
222
425
244
953
628
649
4
746
923
783
125
375
657
365
208
603
832
874
598
569
362
540
53
270
810
863
245
325
268
711
724
889
241
901
207
601
713
358
464
933
730
229
880
42
844
803
326
1
415
673
535
853
343
659
463
869
725
13
772
849
758
599
744
705
86
206
160
687
255
973
527
907
445
842
312
116
256
697
916
65
269
741
915
278
420
143
37
865
721
124
951
507
864
983
401
158
780
607
167
2
668
428
486
7
192
736
364
690
822
8
233
459
32
83
585
279
948
50
525
558
157
34
924
309
399
374
917
505
529
98
418
613
667
938
357
30
236
797
991
586
701
27
145
44
230
275
332
984
52
442
10
790
883
805
11
28
719
299
333
517
205
248
918
594
339
92
533
548
922
539
498
749
457
547
662
551
289
751
576
304
738
825
947
259
341
185
410
939
979
606
920
909
225
155
432
727
963
537
383
482
187
508
679
317
406
54
640
747
516
115
330
132
556
764
142
935
476
363
809
831
36
590
732
552
962
251
574
850
153
643
385
996
217
542
404
353
829
403
763
648
165
232
650
734
108
579
630
209
502
520
974
384
14
292
170
824
17
349
24
31
871
870
354
524
580
550
647
97
522
372
592
998
369
193
162
212
676
200
80
989
131
479
219
437
681
820
490
203
945
577
138
695
368
473
287
46
694
919
59
3
48
271
308
382
617
949
634
285
122
566
387
240
16
980
604
559
737
894
669
474
137
882
593
589
720
624
366
672
992
627
981
940
615
492
881
40
0
81
45
538
789
295
191
716
762
298
103
779
87
247
471
237
646
260
171
90
347
497
702
840
33
898
637
807
344
120
112
64
812
978
23
102
197
434
954
802
754
859
19
254
20
554
461
190
888
393
808
423
422
760
465
892
427
854
689
47
544
847
906
210
204
862
61
57
469
787
489
424
273
60
431
521
778
69
134
300
958
960
373
117
644
140
530
470
196
873
419
693
321
609
288
700
266
216
130
625
531
488
444
562
75
409
639
345
264
499
398
311
318
855
475
703
186
306
799
957
221
246
93
128
174
911
877
902
243
658
283
494
389
942
405
878
955
274
653
685
818
335
976
151
82
123
861
891
575
934
119
608
56
218
691
765
301
447
348
928
964
88
839
139
712
913
178
397
319
456
857
175
148
39
440
665
438
359
94
276
297
663
600
453
337
895
303
500
784
149
893
860
194
433
708
99
686
483
249
215
6
774
460
987
450
101
925
631
163
543
696
856
804
821
572
91
22
336
235
147
528
513
986
62
228
759
633
327
509
189
595
253
504
793
715
25
908
184
602
334
484
914
791
773
188
684
452
446
390
843
506
172
426
360
952
837
757
421
316
995
224
817
89
581
636
258
845
927
966
38
429
645
959
141
411
990
313
788
394
127
454
458
654
570
512
472
41
886
573
677
775
106
674
826
77
755
553
340
290
828
970
858
380
352
110
866
946
378
284
523
161
58
652
182
220
816
718
214
286
179
680
129
280
879
993
496
833
704
441
449
100
664
563
487
988
655
814
867
67
73
545
798
346
929
408
66
972
546
511
477
707
70
811
462
977
135
180
629
875
777
95
792
752
181
29
485
265
71
967
121
975
616
723
338
501
329
262
514
899
263
555
113
536
557
571
451
588
748
740
356
823
561
231
261
166
407
324
307
323
726
118
801
729
15
315
150
890
943
439
351
55
753
322
169
436
152
905
302
201
733
994
619
968
466
635
21
518
941
293
896
766
656
183
491
448
698
416
242
921
503
739
714
156
583
109
164
510
107
376
74
443
642
402
226
342
776
587
111
872
413
568
435
227
827
26
355
238
596
887
467
395
310
638
815
154
675
282
830
294
78
782
670
291
239
965
722
430
771
982
159
761
671
900
835
932
796
76
632
868
614
519
79
392
969
605
836
750
621
541
168
936
105
85
903
997
950
769
710
388
51
795
252
361
478
806
819
944
678
706
417
305
999
277
144
281
234
146
43
320
396
897
623
578
838
213
257
328
176
660
173
104
742
851
370
481
480
136
455
18
468
848
682
414
666
564
296
852
735
846
72
641
904
661
971
768
930
515
350
651
591
937
49
314
526
386
731
618
412
202
250
379
68
133
584
9
177
331
683
912
612
743
549
785
626
699
534
931
717
96
876
800
770
786
211
381
567
961
12
910
745
611
267
985
884
756
597
391
582
956
610
885
126
367
114
5
377
493
400
199
84
926
198
794
495
532
620
63
692
622
565
195
560
688
834
